Loaded: Tibia
Loaded: Femur
[
    CoordinateSystem {
        origin: [
            [
                -207.368621826,
                -161.957244873,
                -2010.83203125,
                1.0,
            ],
        ],
        transform: [
            [
                0.06742589221420027,
                0.9330595359054004,
                -0.35334636196672264,
                0.0,
            ],
            [
                0.7579410916276192,
                -0.2782100454523373,
                -0.5900207388149518,
                0.0,
            ],
            [
                -0.6488289841564202,
                -0.22803305257222584,
                -0.7259627237352759,
                0.0,
            ],
            [
                -207.368621826,
                -161.957244873,
                -2010.83203125,
                1.0,
            ],
        ],
        reference: PhantomData<certus::frame_of_reference::Pin1>,
        in_reference_to: PhantomData<certus::frame_of_reference::Global>,
    },
    CoordinateSystem {
        origin: [
            [
                -207.393295288,
                -161.952590942,
                -2010.848632813,
                1.0,
            ],
        ],
        transform: [
            [
                0.0672754922441602,
                0.9330577309870401,
                -0.3533797939733151,
                0.0,
            ],
            [
                0.7577452737811642,
                -0.2781936042720038,
                -0.5902799493498493,
                0.0,
            ],
            [
                -0.6490732687498498,
                -0.22806049457867195,
                -0.7257356974869825,
                0.0,
            ],
            [
                -207.393295288,
                -161.952590942,
                -2010.848632813,
                1.0,
            ],
        ],
        reference: PhantomData<certus::frame_of_reference::Pin1>,
        in_reference_to: PhantomData<certus::frame_of_reference::Global>,
    },
    CoordinateSystem {
        origin: [
            [
                -207.404846191,
                -161.952316284,
                -2010.832519531,
                1.0,
            ],
        ],
        transform: [
            [
                0.06737159460229146,
                0.9331179940183831,
                -0.35320231805560554,
                0.0,
            ],
            [
                0.7578975118430162,
                -0.2780958486855908,
                -0.5901305452914686,
                0.0,
            ],
            [
                -0.6488855290287413,
                -0.22793312217172315,
                -0.7259435667007049,
                0.0,
            ],
            [
                -207.404846191,
                -161.952316284,
                -2010.832519531,
                1.0,
            ],
        ],
        reference: PhantomData<certus::frame_of_reference::Pin1>,
        in_reference_to: PhantomData<certus::frame_of_reference::Global>,
    },
    CoordinateSystem {
        origin: [
            [
                -207.397872925,
                -161.950378418,
                -2010.784179688,
                1.0,
            ],
        ],
        transform: [
            [
                0.06762275836115123,
                0.9330533598149421,
                -0.3533250490549429,
                0.0,
            ],
            [
                0.758304754018485,
                -0.27820802986397836,
                -0.589554231731203,
                0.0,
            ],
            [
                -0.648383422509085,
                -0.2280607810590242,
                -0.7263519928782143,
                0.0,
            ],
            [
                -207.397872925,
                -161.950378418,
                -2010.784179688,
                1.0,
            ],
        ],
        reference: PhantomData<certus::frame_of_reference::Pin1>,
        in_reference_to: PhantomData<certus::frame_of_reference::Global>,
    },
    CoordinateSystem {
        origin: [
            [
                -207.381088257,
                -161.949691772,
                -2010.724609375,
                1.0,
            ],
        ],
        transform: [
            [
                0.06781718162356945,
                0.9329528656534416,
                -0.35355307995500074,
                0.0,
            ],
            [
                0.7590357229792983,
                -0.27823217711760484,
                -0.5886014159494453,
                0.0,
            ],
            [
                -0.6475072209002227,
                -0.228442128525868,
                -0.727013474975974,
                0.0,
            ],
            [
                -207.381088257,
                -161.949691772,
                -2010.724609375,
                1.0,
            ],
        ],
        reference: PhantomData<certus::frame_of_reference::Pin1>,
        in_reference_to: PhantomData<certus::frame_of_reference::Global>,
    },
    CoordinateSystem {
        origin: [
            [
                -207.367507935,
                -161.949020386,
                -2010.683227539,
                1.0,
            ],
        ],
        transform: [
            [
                0.0681561394201881,
                0.9329142603663905,
                -0.3535897671940835,
                0.0,
            ],
            [
                0.7597373029775296,
                -0.2782477512492318,
                -0.5876881991236296,
                0.0,
            ],
            [
                -0.6466482591979701,
                -0.22858077725341625,
                -0.7277340566075349,
                0.0,
            ],
            [
                -207.367507935,
                -161.949020386,
                -2010.683227539,
                1.0,
            ],
        ],
        reference: PhantomData<certus::frame_of_reference::Pin1>,
        in_reference_to: PhantomData<certus::frame_of_reference::Global>,
    },
    CoordinateSystem {
        origin: [
            [
                -207.360580444,
                -161.948745728,
                -2010.653198242,
                1.0,
            ],
        ],
        transform: [
            [
                0.06840514012409095,
                0.9329874352601464,
                -0.35334852829932356,
                0.0,
            ],
            [
                0.7601056194436484,
                -0.2781422262992065,
                -0.5872617382730709,
                0.0,
            ],
            [
                -0.6461889693385297,
                -0.22841048048637222,
                -0.728195350375978,
                0.0,
            ],
            [
                -207.360580444,
                -161.948745728,
                -2010.653198242,
                1.0,
            ],
        ],
        reference: PhantomData<certus::frame_of_reference::Pin1>,
        in_reference_to: PhantomData<certus::frame_of_reference::Global>,
    },
    CoordinateSystem {
        origin: [
            [
                -207.365081787,
                -161.946334839,
                -2010.643188477,
                1.0,
            ],
        ],
        transform: [
            [
                0.06826572309713584,
                0.9329342691487259,
                -0.353515827789871,
                0.0,
            ],
            [
                0.7601443278064781,
                -0.27813495098507846,
                -0.5872150797996978,
                0.0,
            ],
            [
                -0.6461581787408271,
                -0.22863638924821345,
                -0.728151776457269,
                0.0,
            ],
            [
                -207.365081787,
                -161.946334839,
                -2010.643188477,
                1.0,
            ],
        ],
        reference: PhantomData<certus::frame_of_reference::Pin1>,
        in_reference_to: PhantomData<certus::frame_of_reference::Global>,
    },
    CoordinateSystem {
        origin: [
            [
                -207.376785278,
                -161.940109253,
                -2010.650634766,
                1.0,
            ],
        ],
        transform: [
            [
                0.06812693926582286,
                0.932847025539494,
                -0.35377273367006346,
                0.0,
            ],
            [
                0.7599719929586332,
                -0.2782592572483727,
                -0.587379226457718,
                0.0,
            ],
            [
                -0.6463755023705292,
                -0.2288410205747709,
                -0.7278945646434951,
                0.0,
            ],
            [
                -207.376785278,
                -161.940109253,
                -2010.650634766,
                1.0,
            ],
        ],
        reference: PhantomData<certus::frame_of_reference::Pin1>,
        in_reference_to: PhantomData<certus::frame_of_reference::Global>,
    },
    CoordinateSystem {
        origin: [
            [
                -207.393737793,
                -161.932800293,
                -2010.661499023,
                1.0,
            ],
        ],
        transform: [
            [
                0.06802208893557116,
                0.9328740670359509,
                -0.3537216002291142,
                0.0,
            ],
            [
                0.7600070903139381,
                -0.27814028473989905,
                -0.587390163926286,
                0.0,
            ],
            [
                -0.646345277765207,
                -0.22887541820084553,
                -0.7279105885024653,
                0.0,
            ],
            [
                -207.393737793,
                -161.932800293,
                -2010.661499023,
                1.0,
            ],
        ],
        reference: PhantomData<certus::frame_of_reference::Pin1>,
        in_reference_to: PhantomData<certus::frame_of_reference::Global>,
    },
    CoordinateSystem {
        origin: [
            [
                -207.408721924,
                -161.925445557,
                -2010.670532227,
                1.0,
            ],
        ],
        transform: [
            [
                0.06795813141322495,
                0.9329296299712743,
                -0.35358732711521823,
                0.0,
            ],
            [
                0.760119026534192,
                -0.2779707490371426,
                -0.5873255725578805,
                0.0,
            ],
            [
                -0.6462203632473487,
                -0.22885490643941062,
                -0.7280279348507677,
                0.0,
            ],
            [
                -207.408721924,
                -161.925445557,
                -2010.670532227,
                1.0,
            ],
        ],
        reference: PhantomData<certus::frame_of_reference::Pin1>,
        in_reference_to: PhantomData<certus::frame_of_reference::Global>,
    },
    CoordinateSystem {
        origin: [
            [
                -207.423202515,
                -161.91758728,
                -2010.674438477,
                1.0,
            ],
        ],
        transform: [
            [
                0.06778639239890023,
                0.9328038567911604,
                -0.35395193142724724,
                0.0,
            ],
            [
                0.760267715547528,
                -0.2780257377898853,
                -0.5871070514161223,
                0.0,
            ],
            [
                -0.6460634687874602,
                -0.229300357352374,
                -0.728027019015358,
                0.0,
            ],
            [
                -207.423202515,
                -161.91758728,
                -2010.674438477,
                1.0,
            ],
        ],
        reference: PhantomData<certus::frame_of_reference::Pin1>,
        in_reference_to: PhantomData<certus::frame_of_reference::Global>,
    },
    CoordinateSystem {
        origin: [
            [
                -207.43572998,
                -161.909835815,
                -2010.672363281,
                1.0,
            ],
        ],
        transform: [
            [
                0.06749059996853035,
                0.9327107090282722,
                -0.3542537962815153,
                0.0,
            ],
            [
                0.7602229242879208,
                -0.27802189011366674,
                -0.587166870663482,
                0.0,
            ],
            [
                -0.6461471382765769,
                -0.22968361256650818,
                -0.7278319269002894,
                0.0,
            ],
            [
                -207.43572998,
                -161.909835815,
                -2010.672363281,
                1.0,
            ],
        ],
        reference: PhantomData<certus::frame_of_reference::Pin1>,
        in_reference_to: PhantomData<certus::frame_of_reference::Global>,
    },
    CoordinateSystem {
        origin: [
            [
                -207.448928833,
                -161.901977539,
                -2010.683837891,
                1.0,
            ],
        ],
        transform: [
            [
                0.06736659001709114,
                0.9327233483326623,
                -0.3542441220748435,
                0.0,
            ],
            [
                0.7604810840843418,
                -0.2778360289148256,
                -0.5869204901745593,
                0.0,
            ],
            [
                -0.6458562249443554,
                -0.2298571219517631,
                -0.7280353289426817,
                0.0,
            ],
            [
                -207.448928833,
                -161.901977539,
                -2010.683837891,
                1.0,
            ],
        ],
        reference: PhantomData<certus::frame_of_reference::Pin1>,
        in_reference_to: PhantomData<certus::frame_of_reference::Global>,
    },
    CoordinateSystem {
        origin: [
            [
                -207.471817017,
                -161.894836426,
                -2010.712890625,
                1.0,
            ],
        ],
        transform: [
            [
                0.06718019036018745,
                0.9326719593093133,
                -0.35441478290457284,
                0.0,
            ],
            [
                0.7606494804982884,
                -0.2777511997515641,
                -0.5867423956509796,
                0.0,
            ],
            [
                -0.6456773109230748,
                -0.23016795466505174,
                -0.7280958197960304,
                0.0,
            ],
            [
                -207.471817017,
                -161.894836426,
                -2010.712890625,
                1.0,
            ],
        ],
        reference: PhantomData<certus::frame_of_reference::Pin1>,
        in_reference_to: PhantomData<certus::frame_of_reference::Global>,
    },
    CoordinateSystem {
        origin: [
            [
                -207.50289917,
                -161.887481689,
                -2010.751831055,
                1.0,
            ],
        ],
        transform: [
            [
                0.06687730227346056,
                0.9326203124358579,
                -0.354607923307795,
                0.0,
            ],
            [
                0.7603118473284329,
                -0.27777829849829705,
                -0.5871670219753631,
                0.0,
            ],
            [
                -0.6461062770571493,
                -0.2303444588337949,
                -0.7276593358378056,
                0.0,
            ],
            [
                -207.50289917,
                -161.887481689,
                -2010.751831055,
                1.0,
            ],
        ],
        reference: PhantomData<certus::frame_of_reference::Pin1>,
        in_reference_to: PhantomData<certus::frame_of_reference::Global>,
    },
    CoordinateSystem {
        origin: [
            [
                -207.536514282,
                -161.875473022,
                -2010.792480469,
                1.0,
            ],
        ],
        transform: [
            [
                0.06646786283517299,
                0.9326453671658107,
                -0.35461901008585905,
                0.0,
            ],
            [
                0.7599784239966442,
                -0.27761387882835514,
                -0.5876762113115113,
                0.0,
            ],
            [
                -0.6465406547694439,
                -0.23044121459935366,
                -0.7272427575055479,
                0.0,
            ],
            [
                -207.536514282,
                -161.875473022,
                -2010.792480469,
                1.0,
            ],
        ],
        reference: PhantomData<certus::frame_of_reference::Pin1>,
        in_reference_to: PhantomData<certus::frame_of_reference::Global>,
    },
    CoordinateSystem {
        origin: [
            [
                -207.570175171,
                -161.864196777,
                -2010.833618164,
                1.0,
            ],
        ],
        transform: [
            [
                0.0660066145224531,
                0.9326227693699302,
                -0.3547645654403021,
                0.0,
            ],
            [
                0.7597196252352144,
                -0.27747104071175505,
                -0.5880781517781468,
                0.0,
            ],
            [
                -0.6468919676976596,
                -0.23070455482954325,
                -0.7268467448569558,
                0.0,
            ],
            [
                -207.570175171,
                -161.864196777,
                -2010.833618164,
                1.0,
            ],
        ],
        reference: PhantomData<certus::frame_of_reference::Pin1>,
        in_reference_to: PhantomData<certus::frame_of_reference::Global>,
    },
    CoordinateSystem {
        origin: [
            [
                -207.597885132,
                -161.851776123,
                -2010.864379883,
                1.0,
            ],
        ],
        transform: [
            [
                0.06557595289182079,
                0.9325047417800109,
                -0.35515447478544426,
                0.0,
            ],
            [
                0.7593293696385831,
                -0.27755122944799754,
                -0.5885441558933171,
                0.0,
            ],
            [
                -0.64739377723809,
                -0.23108487962153693,
                -0.7262789241081543,
                0.0,
            ],
            [
                -207.597885132,
                -161.851776123,
                -2010.864379883,
                1.0,
            ],
        ],
        reference: PhantomData<certus::frame_of_reference::Pin1>,
        in_reference_to: PhantomData<certus::frame_of_reference::Global>,
    },
    CoordinateSystem {
        origin: [
            [
                -207.617782593,
                -161.844970703,
                -2010.880981445,
                1.0,
            ],
        ],
        transform: [
            [
                0.06542983438457316,
                0.9325379873342393,
                -0.3550941268889328,
                0.0,
            ],
            [
                0.759476421355855,
                -0.2773571690671135,
                -0.588445890606418,
                0.0,
            ],
            [
                -0.6472360482674858,
                -0.23118369956742796,
                -0.726388047036435,
                0.0,
            ],
            [
                -207.617782593,
                -161.844970703,
                -2010.880981445,
                1.0,
            ],
        ],
        reference: PhantomData<certus::frame_of_reference::Pin1>,
        in_reference_to: PhantomData<certus::frame_of_reference::Global>,
    },
    CoordinateSystem {
        origin: [
            [
                -207.625579834,
                -161.840530396,
                -2010.881103516,
                1.0,
            ],
        ],
        transform: [
            [
                0.06539154312841752,
                0.9325067580051997,
                -0.355183181417584,
                0.0,
            ],
            [
                0.7594449083420275,
                -0.27739750716441824,
                -0.5884675472890041,
                0.0,
            ],
            [
                -0.6472768938257057,
                -0.23126125765808372,
                -0.7263269604150375,
                0.0,
            ],
            [
                -207.625579834,
                -161.840530396,
                -2010.881103516,
                1.0,
            ],
        ],
        reference: PhantomData<certus::frame_of_reference::Pin1>,
        in_reference_to: PhantomData<certus::frame_of_reference::Global>,
    },
    CoordinateSystem {
        origin: [
            [
                -207.625564575,
                -161.837585449,
                -2010.876831055,
                1.0,
            ],
        ],
        transform: [
            [
                0.06555726887961412,
                0.9325940230352214,
                -0.35492341807216277,
                0.0,
            ],
            [
                0.7595438587702761,
                -0.2773156324966436,
                -0.5883784212370009,
                0.0,
            ],
            [
                -0.6471440110990792,
                -0.2310074201664695,
                -0.7265261184063704,
                0.0,
            ],
            [
                -207.625564575,
                -161.837585449,
                -2010.876831055,
                1.0,
            ],
        ],
        reference: PhantomData<certus::frame_of_reference::Pin1>,
        in_reference_to: PhantomData<certus::frame_of_reference::Global>,
    },
    CoordinateSystem {
        origin: [
            [
                -207.630050659,
                -161.836181641,
                -2010.875366211,
                1.0,
            ],
        ],
        transform: [
            [
                0.06554204565290532,
                0.93252322379385,
                -0.3551122038690835,
                0.0,
            ],
            [
                0.759833324143156,
                -0.2773205025262887,
                -0.5880022605399814,
                0.0,
            ],
            [
                -0.646805658427007,
                -0.2312872153053248,
                -0.7267383740130379,
                0.0,
            ],
            [
                -207.630050659,
                -161.836181641,
                -2010.875366211,
                1.0,
            ],
        ],
        reference: PhantomData<certus::frame_of_reference::Pin1>,
        in_reference_to: PhantomData<certus::frame_of_reference::Global>,
    },
    CoordinateSystem {
        origin: [
            [
                -207.641799927,
                -161.833404541,
                -2010.895751953,
                1.0,
            ],
        ],
        transform: [
            [
                0.06551368386346851,
                0.9325689664122415,
                -0.35499729592130896,
                0.0,
            ],
            [
                0.7598717864830232,
                -0.27721420231883914,
                -0.5880026820855743,
                0.0,
            ],
            [
                -0.6467633456943402,
                -0.23123020762334145,
                -0.7267941701394763,
                0.0,
            ],
            [
                -207.641799927,
                -161.833404541,
                -2010.895751953,
                1.0,
            ],
        ],
        reference: PhantomData<certus::frame_of_reference::Pin1>,
        in_reference_to: PhantomData<certus::frame_of_reference::Global>,
    },
    CoordinateSystem {
        origin: [
            [
                -207.664627075,
                -161.829208374,
                -2010.931030273,
                1.0,
            ],
        ],
        transform: [
            [
                0.06516914352111802,
                0.932549180762022,
                -0.3551126697159726,
                0.0,
            ],
            [
                0.7595236792939802,
                -0.27716736269679476,
                -0.5884743270928972,
                0.0,
            ],
            [
                -0.6472068937553577,
                -0.23136611358577314,
                -0.7263559445339152,
                0.0,
            ],
            [
                -207.664627075,
                -161.829208374,
                -2010.931030273,
                1.0,
            ],
        ],
        reference: PhantomData<certus::frame_of_reference::Pin1>,
        in_reference_to: PhantomData<certus::frame_of_reference::Global>,
    },
    CoordinateSystem {
        origin: [
            [
                -207.687210083,
                -161.822128296,
                -2010.971679688,
                1.0,
            ],
        ],
        transform: [
            [
                0.0648786480536865,
                0.9325665884322762,
                -0.3551201475085745,
                0.0,
            ],
            [
                0.7589791041853122,
                -0.27716096891294195,
                -0.5891795284302573,
                0.0,
            ],
            [
                -0.6478745869663256,
                -0.23130360016875018,
                -0.7257803828378031,
                0.0,
            ],
            [
                -207.687210083,
                -161.822128296,
                -2010.971679688,
                1.0,
            ],
        ],
        reference: PhantomData<certus::frame_of_reference::Pin1>,
        in_reference_to: PhantomData<certus::frame_of_reference::Global>,
    },
    CoordinateSystem {
        origin: [
            [
                -207.710174561,
                -161.817749023,
                -2011.006591797,
                1.0,
            ],
        ],
        transform: [
            [
                0.06475175435491001,
                0.9326445802276646,
                -0.35493844153588805,
                0.0,
            ],
            [
                0.7587548414065266,
                -0.2770363605021747,
                -0.589526882849176,
                0.0,
            ],
            [
                -0.6481499062332097,
                -0.23113836101277668,
                -0.7255871809219131,
                0.0,
            ],
            [
                -207.710174561,
                -161.817749023,
                -2011.006591797,
                1.0,
            ],
        ],
        reference: PhantomData<certus::frame_of_reference::Pin1>,
        in_reference_to: PhantomData<certus::frame_of_reference::Global>,
    },
    CoordinateSystem {
        origin: [
            [
                -207.724304199,
                -161.815963745,
                -2011.021728516,
                1.0,
            ],
        ],
        transform: [
            [
                0.0647349814426673,
                0.9327162834990934,
                -0.35475303617200526,
                0.0,
            ],
            [
                0.7586516473952987,
                -0.27694406623319845,
                -0.5897030287209156,
                0.0,
            ],
            [
                -0.6482723656627798,
                -0.23095956068944254,
                -0.7255347140172707,
                0.0,
            ],
            [
                -207.724304199,
                -161.815963745,
                -2011.021728516,
                1.0,
            ],
        ],
        reference: PhantomData<certus::frame_of_reference::Pin1>,
        in_reference_to: PhantomData<certus::frame_of_reference::Global>,
    },
    CoordinateSystem {
        origin: [
            [
                -207.720825195,
                -161.814865112,
                -2011.013549805,
                1.0,
            ],
        ],
        transform: [
            [
                0.06491571144475311,
                0.9328339321910201,
                -0.35441050402134044,
                0.0,
            ],
            [
                0.7586966365046001,
                -0.27683939799266416,
                -0.5896942949322688,
                0.0,
            ],
            [
                -0.6482016385078241,
                -0.23060963265245085,
                -0.7257091932473181,
                0.0,
            ],
            [
                -207.720825195,
                -161.814865112,
                -2011.013549805,
                1.0,
            ],
        ],
        reference: PhantomData<certus::frame_of_reference::Pin1>,
        in_reference_to: PhantomData<certus::frame_of_reference::Global>,
    },
    CoordinateSystem {
        origin: [
            [
                -207.703811646,
                -161.817382813,
                -2010.982177734,
                1.0,
            ],
        ],
        transform: [
            [
                0.06485550810522143,
                0.9327143468386347,
                -0.35473611356865287,
                0.0,
            ],
            [
                0.7588406332185942,
                -0.2769513213018904,
                -0.5894564097586352,
                0.0,
            ],
            [
                -0.648039085584208,
                -0.23095868208516385,
                -0.7257433642305436,
                0.0,
            ],
            [
                -207.703811646,
                -161.817382813,
                -2010.982177734,
                1.0,
            ],
        ],
        reference: PhantomData<certus::frame_of_reference::Pin1>,
        in_reference_to: PhantomData<certus::frame_of_reference::Global>,
    },
    CoordinateSystem {
        origin: [
            [
                -207.67414856,
                -161.823440552,
                -2010.936157227,
                1.0,
            ],
        ],
        transform: [
            [
                0.06536939839521491,
                0.9328162554650207,
                -0.35437363797786264,
                0.0,
            ],
            [
                0.7593184000219716,
                -0.276915997800529,
                -0.5888574509592377,
                0.0,
            ],
            [
                -0.6474275319613163,
                -0.23058916648957087,
                -0.7264063787964173,
                0.0,
            ],
            [
                -207.67414856,
                -161.823440552,
                -2010.936157227,
                1.0,
            ],
        ],
        reference: PhantomData<certus::frame_of_reference::Pin1>,
        in_reference_to: PhantomData<certus::frame_of_reference::Global>,
    },
    CoordinateSystem {
        origin: [
            [
                -207.645294189,
                -161.832260132,
                -2010.893554688,
                1.0,
            ],
        ],
        transform: [
            [
                0.06576210136182223,
                0.932886051039333,
                -0.35411715829752766,
                0.0,
            ],
            [
                0.7596141731227476,
                -0.2769270498134656,
                -0.5884706594832531,
                0.0,
            ],
            [
                -0.6470406896135062,
                -0.2302933452313576,
                -0.7268447709976519,
                0.0,
            ],
            [
                -207.645294189,
                -161.832260132,
                -2010.893554688,
                1.0,
            ],
        ],
        reference: PhantomData<certus::frame_of_reference::Pin1>,
        in_reference_to: PhantomData<certus::frame_of_reference::Global>,
    },
    CoordinateSystem {
        origin: [
            [
                -207.62097168,
                -161.838592529,
                -2010.86340332,
                1.0,
            ],
        ],
        transform: [
            [
                0.06581827226660693,
                0.9327807808868089,
                -0.35438393000252394,
                0.0,
            ],
            [
                0.7598684757345122,
                -0.27704450439087686,
                -0.5880869341957211,
                0.0,
            ],
            [
                -0.6467363099600545,
                -0.2305783107644958,
                -0.7270253007868736,
                0.0,
            ],
            [
                -207.62097168,
                -161.838592529,
                -2010.86340332,
                1.0,
            ],
        ],
        reference: PhantomData<certus::frame_of_reference::Pin1>,
        in_reference_to: PhantomData<certus::frame_of_reference::Global>,
    },
    CoordinateSystem {
        origin: [
            [
                -207.609115601,
                -161.84185791,
                -2010.854858398,
                1.0,
            ],
        ],
        transform: [
            [
                0.0660416863871139,
                0.9327678119669149,
                -0.35437650122094777,
                0.0,
            ],
            [
                0.7602407002042788,
                -0.27706543640886033,
                -0.587595797892119,
                0.0,
            ],
            [
                -0.6462759266846122,
                -0.23060562201737847,
                -0.727425923157763,
                0.0,
            ],
            [
                -207.609115601,
                -161.84185791,
                -2010.854858398,
                1.0,
            ],
        ],
        reference: PhantomData<certus::frame_of_reference::Pin1>,
        in_reference_to: PhantomData<certus::frame_of_reference::Global>,
    },
    CoordinateSystem {
        origin: [
            [
                -207.612365723,
                -161.844955444,
                -2010.866821289,
                1.0,
            ],
        ],
        transform: [
            [
                0.06604792318834783,
                0.932797480455227,
                -0.3542972372159946,
                0.0,
            ],
            [
                0.7600179727473579,
                -0.2770993454383076,
                -0.5878678710889531,
                0.0,
            ],
            [
                -0.6465372015155065,
                -0.23044481598430921,
                -0.7272446863624756,
                0.0,
            ],
            [
                -207.612365723,
                -161.844955444,
                -2010.866821289,
                1.0,
            ],
        ],
        reference: PhantomData<certus::frame_of_reference::Pin1>,
        in_reference_to: PhantomData<certus::frame_of_reference::Global>,
    },
    CoordinateSystem {
        origin: [
            [
                -207.62046814,
                -161.842636108,
                -2010.885986328,
                1.0,
            ],
        ],
        transform: [
            [
                0.06583730558010242,
                0.9327710914908839,
                -0.35440589734491906,
                0.0,
            ],
            [
                0.7593783315767001,
                -0.2772464407418818,
                -0.5886246347442023,
                0.0,
            ],
            [
                -0.647309816645584,
                -0.23037469907709773,
                -0.7265793138394439,
                0.0,
            ],
            [
                -207.62046814,
                -161.842636108,
                -2010.885986328,
                1.0,
            ],
        ],
        reference: PhantomData<certus::frame_of_reference::Pin1>,
        in_reference_to: PhantomData<certus::frame_of_reference::Global>,
    },
    CoordinateSystem {
        origin: [
            [
                -207.627746582,
                -161.842834473,
                -2010.904174805,
                1.0,
            ],
        ],
        transform: [
            [
                0.0656672382944551,
                0.932785510438062,
                -0.35439949962095463,
                0.0,
            ],
            [
                0.7591562930033422,
                -0.27720095974475567,
                -0.5889323821204009,
                0.0,
            ],
            [
                -0.6475874740976718,
                -0.2303710472984619,
                -0.7263330117504,
                0.0,
            ],
            [
                -207.627746582,
                -161.842834473,
                -2010.904174805,
                1.0,
            ],
        ],
        reference: PhantomData<certus::frame_of_reference::Pin1>,
        in_reference_to: PhantomData<certus::frame_of_reference::Global>,
    },
    CoordinateSystem {
        origin: [
            [
                -207.626449585,
                -161.843780518,
                -2010.908813477,
                1.0,
            ],
        ],
        transform: [
            [
                0.06567282130927117,
                0.9328723715663558,
                -0.3541697600155094,
                0.0,
            ],
            [
                0.759012172239359,
                -0.2771110766251163,
                -0.5891603971790353,
                0.0,
            ],
            [
                -0.6477558204553397,
                -0.23012733340442618,
                -0.7262601513826832,
                0.0,
            ],
            [
                -207.626449585,
                -161.843780518,
                -2010.908813477,
                1.0,
            ],
        ],
        reference: PhantomData<certus::frame_of_reference::Pin1>,
        in_reference_to: PhantomData<certus::frame_of_reference::Global>,
    },
    CoordinateSystem {
        origin: [
            [
                -207.612609863,
                -161.847183228,
                -2010.899414063,
                1.0,
            ],
        ],
        transform: [
            [
                0.06581468165366877,
                0.9328713323916945,
                -0.3541461631594657,
                0.0,
            ],
            [
                0.759232404963683,
                -0.2771183844310142,
                -0.5888731240797177,
                0.0,
            ],
            [
                -0.6474832684570994,
                -0.230122745968514,
                -0.7265046034651278,
                0.0,
            ],
            [
                -207.612609863,
                -161.847183228,
                -2010.899414063,
                1.0,
            ],
        ],
        reference: PhantomData<certus::frame_of_reference::Pin1>,
        in_reference_to: PhantomData<certus::frame_of_reference::Global>,
    },
    CoordinateSystem {
        origin: [
            [
                -207.588806152,
                -161.854476929,
                -2010.872436523,
                1.0,
            ],
        ],
        transform: [
            [
                0.06600814941433833,
                0.9328313356868737,
                -0.3542155041377173,
                0.0,
            ],
            [
                0.7595455403038706,
                -0.2771878506001939,
                -0.5884364601927261,
                0.0,
            ],
            [
                -0.6470962033696346,
                -0.23020120468904462,
                -0.7268245379349247,
                0.0,
            ],
            [
